Source_Name,Original_Headline,Translated_Headline,Polarity,Scrape_Date
BBC Mundo,Pedro Sánchez convoca elecciones anticipadas tras el fracaso en el Congreso de sus decretos para enfrentar la crisis de la vivienda en España,Pedro Sánchez convoca elecciones anticipadas tras el fracaso en el Congreso de sus decretos para enfrentar la crisis de la vivienda en España,-1.0,2026_10_05
BBC Mundo,Cómo se compara Flávio Bolsonaro con su padre Jair y cuánto cambia el duelo con Lula por la presidencia de Brasil 4 años después,Cómo se compara Flávio Bolsonaro con su padre Jair y cuánto cambia el duelo con Lula por la presidencia de Brasil 4 años después,0.0,2026_10_05
BBC Mundo,"""Estamos listos para ir de inmediato"": los millonarios cubanoestadounidenses que esperan en Miami a que caiga el gobierno de Cuba","""Estamos listos para ir de inmediato"": los millonarios cubanoestadounidenses que esperan en Miami a que caiga el gobierno de Cuba",0.0,2026_10_05
BBC Mundo,"El ""interruptor de luz"" para neuronas por el que 3 científicos ganaron el Nobel de Medicina y que ayuda a descifrar los misterios del cerebro","El ""interruptor de luz"" para neuronas por el que 3 científicos ganaron el Nobel de Medicina y que ayuda a descifrar los misterios del cerebro",0.0,2026_10_05
BBC Mundo,"Qué salió mal en Nike, el gigante que perdió el liderazgo mundial de la ropa deportiva","Qué salió mal en Nike, el gigante que perdió el liderazgo mundial de la ropa deportiva",0.0,2026_10_05
BBC Mundo,"Quiénes son Lucas Pavanato y Nikolas Ferreira, los jóvenes influencers de derecha que lograron las mayores votaciones en la historia de la Cámara de Diputados de Brasil","Quiénes son Lucas Pavanato y Nikolas Ferreira, los jóvenes influencers de derecha que lograron las mayores votaciones en la historia de la Cámara de Diputados de Brasil",0.0,2026_10_05
BBC Mundo,Elecciones en Brasil: Flávio Bolsonaro y Lula da Silva van a una segunda vuelta en la que el presidente enfrenta una difícil remontada,Elecciones en Brasil: Flávio Bolsonaro y Lula da Silva van a una segunda vuelta en la que el presidente enfrenta una difícil remontada,0.0,2026_10_05
BBC Mundo,"""¡Otra vez no!"": la detención de un marine estadounidense por el asesinato de una mujer que reaviva las protestas en la isla japonesa de Okinawa","""¡Otra vez no!"": la detención de un marine estadounidense por el asesinato de una mujer que reaviva las protestas en la isla japonesa de Okinawa",0.0,2026_10_05
BBC Mundo,Entrevisté a Christa Pike hace 20 años y no puedo dejar de pensar en ella,Entrevisté a Christa Pike hace 20 años y no puedo dejar de pensar en ella,0.0,2026_10_05
BBC Mundo,"""Una vez que la ves, no puedes dejar de pensar en ella"": Ana Mendieta, la artista que desafió límites con su cuerpo y cuya misteriosa muerte sigue dividiendo al mundo del arte","""Una vez que la ves, no puedes dejar de pensar en ella"": Ana Mendieta, la artista que desafió límites con su cuerpo y cuya misteriosa muerte sigue dividiendo al mundo del arte",0.0,2026_10_05
BBC Hindi,फ़्लाईदुबई के को-पायलट ने विमान को तेल अवीव एयरपोर्ट या किसी इमारत से टकराने की योजना बनाई थी: रिपोर्ट्स,फ़्लाईदुबई के को-पायलट ने विमान को तेल अवीव एयरपोर्ट या किसी इमारत से टकराने की योजना बनाई थी: रिपोर्ट्स,0.0,2026_10_05
BBC Hindi,"फ़ॉर्म-6 पर सुप्रीम कोर्ट की टिप्पणी के बाद फिर घिरे ज्ञानेश कुमार, विपक्ष ने पूछा- किसके आदेश पर हुआ बदलाव","फ़ॉर्म-6 पर सुप्रीम कोर्ट की टिप्पणी के बाद फिर घिरे ज्ञानेश कुमार, विपक्ष ने पूछा- किसके आदेश पर हुआ बदलाव",0.0,2026_10_05
BBC Hindi,"लाइव,सऊदी हवाई क्षेत्र में कार्रवाई को लेकर हूती विद्रोहियों ने एयरलाइंस को क्या दी चेतावनी","लाइव,सऊदी हवाई क्षेत्र में कार्रवाई को लेकर हूती विद्रोहियों ने एयरलाइंस को क्या दी चेतावनी",0.0,2026_10_05
BBC Hindi,नेहा बोरा: बीजेपी समर्थक परिवार की लड़की जो बन गई युवा और वामपंथी आंदोलन का चेहरा,नेहा बोरा: बीजेपी समर्थक परिवार की लड़की जो बन गई युवा और वामपंथी आंदोलन का चेहरा,0.0,2026_10_05
BBC Hindi,इलेक्ट्रिक कारों में बैठते ही कुछ लोगों की तबीयत क्यों बिगड़ने लगती है,इलेक्ट्रिक कारों में बैठते ही कुछ लोगों की तबीयत क्यों बिगड़ने लगती है,0.0,2026_10_05
BBC Hindi,"आज़ादी का जश्न मनाने के लिए हाथियों का क़त्ल, हो रही है इस देश की आलोचना","आज़ादी का जश्न मनाने के लिए हाथियों का क़त्ल, हो रही है इस देश की आलोचना",0.0,2026_10_05
BBC Hindi,ज़हरीले इंजेक्शन के बावजूद ज़िंदा बची क्रिस्टा पाइक ने 20 साल पहले इंटरव्यू में क्या बताया था,ज़हरीले इंजेक्शन के बावजूद ज़िंदा बची क्रिस्टा पाइक ने 20 साल पहले इंटरव्यू में क्या बताया था,0.0,2026_10_05
BBC Hindi,"वीडियो,दिल्ली पुलिस की कार्रवाई के तरीक़े पर प्रदर्शनकारी क्यों उठा रहे सवाल - ग्राउंड रिपोर्ट, अवधि 5,04","वीडियो,दिल्ली पुलिस की कार्रवाई के तरीक़े पर प्रदर्शनकारी क्यों उठा रहे सवाल - ग्राउंड रिपोर्ट, अवधि 5,04",0.0,2026_10_05
BBC Hindi,"जस्‍ट‍िस उज्‍जल भुइयां कौन हैं, उन्‍होंने लोगों को वोट‍िंग के अधि‍कार से वंच‍ित करने पर क्‍या कहा","जस्‍ट‍िस उज्‍जल भुइयां कौन हैं, उन्‍होंने लोगों को वोट‍िंग के अधि‍कार से वंच‍ित करने पर क्‍या कहा",0.0,2026_10_05
BBC Hindi,खांसते या छींकते हुए पेशाब निकल जाना क्या महिलाओं से जुड़ी किसी बीमारी का लक्षण है,खांसते या छींकते हुए पेशाब निकल जाना क्या महिलाओं से जुड़ी किसी बीमारी का लक्षण है,0.0,2026_10_05
BBC Portuguese,"AO VIVO,Resultado das eleições 2026: Bolsa bate recorde histórico e dólar cai abaixo de R$ 5","AO VIVO,Resultado das eleições 2026: Bolsa bate recorde histórico e dólar cai abaixo de R$ 5",0.0,2026_10_05
BBC Portuguese,Perda de votos no Nordeste e outros obstáculos de Lula para tentar virada inédita no 2º turno,Perda de votos no Nordeste e outros obstáculos de Lula para tentar virada inédita no 2º turno,0.0,2026_10_05
BBC Portuguese,"Lula x Flávio no 2º turno: para onde vão os votos de Cury, Renan e Caiado?","Lula x Flávio no 2º turno: para onde vão os votos de Cury, Renan e Caiado?",0.0,2026_10_05
BBC Portuguese,Os gráficos que explicam como Flávio Bolsonaro chegou à frente de Lula no 1º turno,Os gráficos que explicam como Flávio Bolsonaro chegou à frente de Lula no 1º turno,0.0,2026_10_05
BBC Portuguese,Os maiores vencedores e os maiores perdedores do primeiro turno das eleições 2026,Os maiores vencedores e os maiores perdedores do primeiro turno das eleições 2026,0.0,2026_10_05
BBC Portuguese,"De 1,3 milhão a 5 mil votos: como cearenses derrubaram Tiririca após 14 anos eleito por SP","De 1,3 milhão a 5 mil votos: como cearenses derrubaram Tiririca após 14 anos eleito por SP",0.0,2026_10_05
BBC Portuguese,'Virada surpreendente': como imprensa internacional repercutiu vitória de Flávio Bolsonaro sobre Lula no 1º turno,'Virada surpreendente': como imprensa internacional repercutiu vitória de Flávio Bolsonaro sobre Lula no 1º turno,0.0,2026_10_05
BBC Portuguese,Quem são os senadores eleitos em 2026: veja os resultados por Estado,Quem são os senadores eleitos em 2026: veja os resultados por Estado,0.0,2026_10_05
BBC Portuguese,Quem são os governadores eleitos em 2026 e quais Estados terão 2º turno: veja os resultados,Quem são os governadores eleitos em 2026 e quais Estados terão 2º turno: veja os resultados,0.0,2026_10_05
BBC Portuguese,ASSISTA ao programa especial da BBC News Brasil com apuração e análise dos resultados,ASSISTA ao programa especial da BBC News Brasil com apuração e análise dos resultados,0.0,2026_10_05
BBC Russian,"LIVELive,Война в Украине: пять человек погибли в результате авиаудара по Харькову, в Черном море российские дроны атаковали турецкое судно","LIVELive,Война в Украине: пять человек погибли в результате авиаудара по Харькову, в Черном море российские дроны атаковали турецкое судно",0.0,2026_10_05
BBC Russian,Источники: второй пилот Flydubai планировал направить самолет на аэропорт имени Бен-Гуриона или одно из зданий Тель-Авива,Источники: второй пилот Flydubai планировал направить самолет на аэропорт имени Бен-Гуриона или одно из зданий Тель-Авива,0.0,2026_10_05
BBC Russian,«В развитых странах риска эпидемии чумы нет». Текстовая версия подкаста «Что это было» с биологом Ириной Якутенко,«В развитых странах риска эпидемии чумы нет». Текстовая версия подкаста «Что это было» с биологом Ириной Якутенко,0.0,2026_10_05
BBC Russian,"Нобелевскую премию по физиологии и медицине присудили за открытия, приведшие к появлению оптогенетики. Она изменила наше понимание работы мозга","Нобелевскую премию по физиологии и медицине присудили за открытия, приведшие к появлению оптогенетики. Она изменила наше понимание работы мозга",0.0,2026_10_05
BBC Russian,На Окинаве вспыхнули протесты после ареста американского морпеха по подозрению в убийстве женщины,На Окинаве вспыхнули протесты после ареста американского морпеха по подозрению в убийстве женщины,0.0,2026_10_05
BBC Russian,Протесты школьников во Франции: подростку оторвало руку в ходе столкновений с полицией,Протесты школьников во Франции: подростку оторвало руку в ходе столкновений с полицией,0.0,2026_10_05
BBC Russian,Премьер-министр Испании объявил о досрочных выборах после массовых жилищных протестов в стране,Премьер-министр Испании объявил о досрочных выборах после массовых жилищных протестов в стране,0.0,2026_10_05
BBC Russian,США вывели все бомбардировщики с британской авиабазы ​​Фэрфорд,США вывели все бомбардировщики с британской авиабазы ​​Фэрфорд,0.0,2026_10_05
BBC Russian,В Бразилии будет второй тур президентских выборов. Сын Болсонару опережает Лулу,В Бразилии будет второй тур президентских выборов. Сын Болсонару опережает Лулу,0.0,2026_10_05
BBC Russian,Признанное правительство Йемена объявило о тотальном наступлении на хуситов,Признанное правительство Йемена объявило о тотальном наступлении на хуситов,0.0,2026_10_05
BBC Japanese,米軍、フェアフォード英空軍基地から全ての爆撃機を移動,米軍、フェアフォード英空軍基地から全ての爆撃機を移動,0.0,2026_10_05
BBC Japanese,イエメン政府、フーシ派との全面戦争開始を宣言　領土奪還を掲げ,イエメン政府、フーシ派との全面戦争開始を宣言　領土奪還を掲げ,0.0,2026_10_05
BBC Japanese,ブラジル大統領選、決選投票へ　右派のフラヴィオ・ボルソナロ氏が第1回投票で勝利,ブラジル大統領選、決選投票へ　右派のフラヴィオ・ボルソナロ氏が第1回投票で勝利,0.0,2026_10_05
BBC Japanese,トランプ氏、AI政策を統括する「超知能タスクフォース」創設を発表,トランプ氏、AI政策を統括する「超知能タスクフォース」創設を発表,0.0,2026_10_05
BBC Japanese,フランス各地で高校生らの抗議が激化、最大500校が休校に,フランス各地で高校生らの抗議が激化、最大500校が休校に,0.0,2026_10_05
BBC Japanese,ロシアがウクライナ首都の橋を連日攻撃、独首相の電撃訪問の最中も,ロシアがウクライナ首都の橋を連日攻撃、独首相の電撃訪問の最中も,0.0,2026_10_05
BBC Japanese,沖縄で女性の遺体発見、米海兵隊員を強盗殺人容疑で逮捕,沖縄で女性の遺体発見、米海兵隊員を強盗殺人容疑で逮捕,0.0,2026_10_05
BBC Japanese,スペイン議会、87歳女性の強制立ち退き受けた住宅危機対策を否決　早期選挙の可能性も,スペイン議会、87歳女性の強制立ち退き受けた住宅危機対策を否決　早期選挙の可能性も,0.0,2026_10_05
BBC Japanese,副操縦士に襲われた機長、「他の人たちを死なせたりしないと決心」　フライトドバイ機,副操縦士に襲われた機長、「他の人たちを死なせたりしないと決心」　フライトドバイ機,0.0,2026_10_05
BBC Japanese,日本で初めて産休取得した女性市長、米誌タイムの「次世代の100人」に,日本で初めて産休取得した女性市長、米誌タイムの「次世代の100人」に,0.0,2026_10_05
BBC Swahili,"Moja kwa moja,Trump amchagua mkuu wa ujasusi kuendesha kikosi kazi kipya cha Akili mnemba","Moja kwa moja,Trump amchagua mkuu wa ujasusi kuendesha kikosi kazi kipya cha Akili mnemba",0.0,2026_10_05
BBC Swahili,Ni kiungo kipi cha ajabu cha nyangumi kinachomwezesha kuzamisha meli?,Ni kiungo kipi cha ajabu cha nyangumi kinachomwezesha kuzamisha meli?,0.0,2026_10_05
BBC Swahili,Kwa nini Urusi inayafanyia ukarabati kwa siri makaazi ya Putin yaliopo Sochi?,Kwa nini Urusi inayafanyia ukarabati kwa siri makaazi ya Putin yaliopo Sochi?,0.0,2026_10_05
BBC Swahili,Mataifa saba yanayolipa mshahara mkubwa zaidi Afrika,Mataifa saba yanayolipa mshahara mkubwa zaidi Afrika,0.0,2026_10_05
BBC Swahili,Ganzi inafichua nini kuhusu jinsi ubongo wetu unavyofanya kazi?,Ganzi inafichua nini kuhusu jinsi ubongo wetu unavyofanya kazi?,0.0,2026_10_05
BBC Swahili,Jinsi Gen Z wanavyopania kubadili mwelekeo wa uchaguzi wa Kenya 2027,Jinsi Gen Z wanavyopania kubadili mwelekeo wa uchaguzi wa Kenya 2027,0.0,2026_10_05
BBC Swahili,Ichthyosis: 'Watu walinitazama kama mnyama wa kutisha' - Dockuma,Ichthyosis: 'Watu walinitazama kama mnyama wa kutisha' - Dockuma,0.0,2026_10_05
BBC Swahili,Iran yaanzisha kambi ya kuwafunza wanawake matumizi ya silaha,Iran yaanzisha kambi ya kuwafunza wanawake matumizi ya silaha,0.0,2026_10_05
BBC Swahili,Real Madrid yaingia kwenye kinyang'anyiro cha kumsajili Scott,Real Madrid yaingia kwenye kinyang'anyiro cha kumsajili Scott,0.0,2026_10_05
BBC Swahili,Wafahamu wafanyabiashara wenye utata kama Wicknell Chivayo,Wafahamu wafanyabiashara wenye utata kama Wicknell Chivayo,0.0,2026_10_05
Al Jazeera,Yemen armed forces say taken control of Mocha city,Yemen armed forces say taken control of Mocha city,0.0,2026_10_05
Al Jazeera,Brazil’s presidential race: Three key takeaways from the first round,Brazil’s presidential race: Three key takeaways from the first round,0.0,2026_10_05
Al Jazeera,"Nearly 1,500 migrants arrive in Myanmar from Malaysia despite UN warnings","Nearly 1,500 migrants arrive in Myanmar from Malaysia despite UN warnings",-1.0,2026_10_05
Al Jazeera,Yemen gov’t forces commence major combat operation against Houthis,Yemen gov’t forces commence major combat operation against Houthis,0.0,2026_10_05
Al Jazeera,Singapore turns matchmaker amid rock-bottom birthrate,Singapore turns matchmaker amid rock-bottom birthrate,0.0,2026_10_05
Al Jazeera,Four African leaders issue joint declaration as Ethiopia war escalates,Four African leaders issue joint declaration as Ethiopia war escalates,-1.0,2026_10_05
Al Jazeera,US coastguard suspends search for six on board crashed medical jet,US coastguard suspends search for six on board crashed medical jet,0.0,2026_10_05
Al Jazeera,Ethiopia’s forces retake Mekelle amid renewed Tigray fighting,Ethiopia’s forces retake Mekelle amid renewed Tigray fighting,0.0,2026_10_05
Al Jazeera,Nicaragua says it will withdraw from Central American Parliament,Nicaragua says it will withdraw from Central American Parliament,0.0,2026_10_05
Al Jazeera,US withdraws B-1 bomber aircraft from UK’s Fairford base amid Iran fears,US withdraws B-1 bomber aircraft from UK’s Fairford base amid Iran fears,0.0,2026_10_05
The Hindu,Congress accuses Gyanesh Kumar of ‘illegally’ modifying Form 6 during SIR,Congress accuses Gyanesh Kumar of ‘illegally’ modifying Form 6 during SIR,0.0,2026_10_05
The Hindu,"Set up 24-hour monitoring cells to prevent sexual offences, Supreme Court tells Delhi Police","Set up 24-hour monitoring cells to prevent sexual offences, Supreme Court tells Delhi Police",0.0,2026_10_05
The Hindu,British Airways London-Chicago flight declares ‘emergency’ mid air; makes U-turn after take-off,British Airways London-Chicago flight declares ‘emergency’ mid air; makes U-turn after take-off,0.0,2026_10_05
The Hindu,‘Jailer 2’ trailer: Rajinikanth’s Muthuvel Pandian returns to take on a battalion of enemies,‘Jailer 2’ trailer: Rajinikanth’s Muthuvel Pandian returns to take on a battalion of enemies,0.0,2026_10_05
The Hindu,Brazil lurches to the right as Lula falters in the first round of presidential election,Brazil lurches to the right as Lula falters in the first round of presidential election,0.0,2026_10_05
The Hindu,2026 Nobel medicine prize: Trio wins for optogenetics work,2026 Nobel medicine prize: Trio wins for optogenetics work,1.0,2026_10_05
The Hindu,We need a middle power approach to resolving global situation: French Minister Haddad,We need a middle power approach to resolving global situation: French Minister Haddad,0.0,2026_10_05
The Hindu,"India-U.S. deal has reached plateau where further demands, concessions will be very difficult: Sitharaman","India-U.S. deal has reached plateau where further demands, concessions will be very difficult: Sitharaman",0.0,2026_10_05
The Hindu,Asian Games 2026: India's medal tally,Asian Games 2026: India's medal tally,0.0,2026_10_05
The Hindu,"Two or three?: On the Court, students, three-language policy","Two or three?: On the Court, students, three-language policy",0.0,2026_10_05
BBC World RSS,No10 insists UK military base RAF Fairford is safe after US withdraws bombers,No10 insists UK military base RAF Fairford is safe after US withdraws bombers,0.0,2026_10_05
BBC World RSS,"Flydubai co-pilot planned to crash plane into Tel Aviv airport or building, reports say","Flydubai co-pilot planned to crash plane into Tel Aviv airport or building, reports say",0.0,2026_10_05
BBC World RSS,Teenager's hand blown off during confrontation between France school protesters and police,Teenager's hand blown off during confrontation between France school protesters and police,0.0,2026_10_05
BBC World RSS,Zelensky condemns 'horrific' Russian strike on boat carrying corn in Black Sea,Zelensky condemns 'horrific' Russian strike on boat carrying corn in Black Sea,0.0,2026_10_05
BBC World RSS,Spanish PM Sánchez calls early election after housing protests,Spanish PM Sánchez calls early election after housing protests,0.0,2026_10_05
BBC World RSS,Nobel Prize awarded for revealing inner workings of the brain,Nobel Prize awarded for revealing inner workings of the brain,-1.0,2026_10_05
BBC World RSS,"Pentagon stops using Anthropic AI tools months after blacklisting company, BBC told","Pentagon stops using Anthropic AI tools months after blacklisting company, BBC told",0.0,2026_10_05
BBC World RSS,'Not again': Arrest of US marine for murder reignites protests in Japan's Okinawa,'Not again': Arrest of US marine for murder reignites protests in Japan's Okinawa,0.0,2026_10_05
BBC World RSS,Right-wing Flávio Bolsonaro wins first round of Brazil election,Right-wing Flávio Bolsonaro wins first round of Brazil election,1.0,2026_10_05
BBC World RSS,Georgia officials hunt for suspect in shooting that killed two and injured 35,Georgia officials hunt for suspect in shooting that killed two and injured 35,-1.0,2026_10_05
NYT World RSS,Russia Moves to Tamp Down Rumors About Plague Outbreak in Siberia,Russia Moves to Tamp Down Rumors About Plague Outbreak in Siberia,0.0,2026_10_05
NYT World RSS,Spain’s Leader Calls an Early Election,Spain’s Leader Calls an Early Election,0.0,2026_10_05
NYT World RSS,Why Saudi Arabia’s Last War in Yemen Turned Into a Quagmire,Why Saudi Arabia’s Last War in Yemen Turned Into a Quagmire,-1.0,2026_10_05
NYT World RSS,"In a Major Boost for the Right, Another Bolsonaro Nears Brazil’s Presidency","In a Major Boost for the Right, Another Bolsonaro Nears Brazil’s Presidency",0.0,2026_10_05
NYT World RSS,"Trapped in a Kill Zone, a Ukrainian City Is Beginning to Starve","Trapped in a Kill Zone, a Ukrainian City Is Beginning to Starve",-1.0,2026_10_05
NYT World RSS,How Congo’s Ebola Epidemic Got So Bad So Quickly,How Congo’s Ebola Epidemic Got So Bad So Quickly,0.0,2026_10_05
NYT World RSS,Turkey Banned a Book by a Jailed Presidential Hopeful. We Read It.,Turkey Banned a Book by a Jailed Presidential Hopeful. We Read It.,0.0,2026_10_05
NYT World RSS,Voters in Quebec Election Go to Polls as Separatist Parti Québécois Leads,Voters in Quebec Election Go to Polls as Separatist Parti Québécois Leads,0.0,2026_10_05
NYT World RSS,"Pay Phone, a Lifeline During 2019 Australia Wildfires, Gains Heritage Status","Pay Phone, a Lifeline During 2019 Australia Wildfires, Gains Heritage Status",0.0,2026_10_05
NYT World RSS,"U.S. Sanctions Aim to ‘Shut Down’ Iran’s Airlines, but This Boeing Plane Is Still Flying","U.S. Sanctions Aim to ‘Shut Down’ Iran’s Airlines, but This Boeing Plane Is Still Flying",0.0,2026_10_05
